%% Данные магнитометра
% Экспериментальные данные магнитоматра по 3 осям XYZ

%% Данные (измерения датчика), вращение магнитометра вокруг всех 3-х осей
xyz = [
-73      -436      -808     
-101      -462      -797      
-117      -450      -806      
-52      -460      -816      
15      -431      -833      
85      -343      -821      
150      -251      -818      
117      -180      -821      
150      21      -757      
185      82      -738      
180      227      -692      
202      341      -690      
152      417      -695      
92      502      -687      
47      563      -707      
-68      635      -716      
-188      706      -723      
-247      742      -723      
-356      756      -738      
-508      756      -767      
-607      682      -833      
-788      563      -888      
-911      420      -970      
-981      328      -996      
-1068      182      -1008      
-1133      63      -1016      
-1177      -143      -1040      
-1117      -410      -1062      
-1080      -518      -1073      
-930      -653      -1068      
-810      -735      -1047      
-723      -846      -947      
-515      -817      -916      
-395      -801      -847      
-267      -737      -821      
-150      -673      -821      
-25      -566      -841      
-3      -500      -838      
17      -426      -860      
96      -357      -865      
110      -260      -867      
156      -198      -845      
158      -185      -852      
77      -293      -860      
38      -428      -860      
-68      -581      -836      
-242      -713      -831      
-390      -792      -872      
-536      -817      -898      
-742      -780      -947      
-846      -796      -991      
-1003      -671      -1035      
-1245      -500      -1030      
-1133      -203      -1140      
-1120      82      -1088      
-948      362      -1027      
-897      547      -942      
-795      703      -823      
-728      785      -760      
-555      803      -770      
-402      851      -731      
-283      817      -736      
-161      772      -748      
-61      725      -757      
61      663      -738      
147      581      -748      
217      523      -736      
283      412      -748      
330      312      -753      
351      177      -757      
330      30      -772      
281      -165      -818      
210      -253      -843      
175      -355      -850      
138      -431      -872      
73      -433      -906      
96      -423      -921      
87      -376      -933      
117      -227      -921      
122      -111      -935      
110      -16      -906      
108      122      -872      
90      212      -808      
115      352      -751      
115      478      -661      
115      592      -573      
123      732      -432      
136      801      -337      
120      896      -175      
126      957      -62      
128      1025      147      
108      1038      293      
101      1033      495      
90      1022      633      
77      980      721      
90      898      841      
120      798      950      
168      653      1050      
168      468      1152      
191      280      1173      
188      37      1168      
202      -208      1103      
180      -388      1016      
180      -616      862      
172      -806      672      
180      -948      430      
177      -1046      142      
158      -1070      -57      
138      -1060      -235      
108      -1005      -420      
98      -912      -587      
82      -748      -755      
66      -600      -838      
15      -468      -880      
3      -415      -885      
1      -415      -872      
0      -602      -818      
13      -775      -728      
6      -901      -615      
-6      -1010      -448      
3      -1088      -165      
38      -1093      77      
92      -1051      298      
131      -948      517      
163      -820      713      
175      -611      921      
172      -355      1106      
120      21      1237      
73      331      1256      
36      526      1217      
-1      756      1098      
-15      912      928      
0      991      751      
-3      1055      582      
0      1070      388      
11      1036      165      
17      965      -16      
13      877      -178      
71      735      -376      
101      537      -561      
136      378      -685      
150      225      -765      
136      -3      -860      
112      -165      -885      
112      -378      -885      
55      -486      -877      
43      -495      -885      
108      -552      -850      
267      -690      -762      
425      -775      -605      
617      -761      -371      
765      -697      -80      
832      -595      235      
826      -481      527      
778      -370      765      
707      -298      940      
590      -148      1115      
527      -51      1212      
360      143      1371      
172      355      1490      
-77      571      1543      
-267      808      1487      
-408      1060      1327      
-531      1242      1103      
-628      1295      967      
-732      1323      777      
-821      1318      628      
-881      1290      386      
-895      1260      271      
-856      1205      3      
-810      1076      -273      
-756      975      -435      
-661      835      -590      
-515      671      -736      
-376      497      -838      
-270      372      -882      
-212      243      -901      
-150      153      -882      
-82      46      -891      
-13      -103      -901      
13      -170      -875      
50      -298      -828      
43      -445      -792      
50      -465      -785      
46      -488      -775      
63      -492      -775      
152      -410      -782      
300      -310      -765      
460      -180      -711      
622      -68      -610      
756      51      -435      
881      98      -222      
941      75      -43      
982      51      147      
952      46      398      
881      46      582      
837      13      707      
745      -85      818      
731      -177      860      
555      -338      977      
406      -561      940      
343      -787      800      
201      -1020      585      
82      -1207      268      
8      -1292      -175      
-27      -1237      -483      
-60      -1102      -721      
-22      -906      -911      
50      -775      -908      
122      -632      -896      
171      -531      -843      
188      -521      -833      
186      -476      -860      
175      -452      -867      
96      -423      -885      
-13      -348      -942      
-57      -146      -1001      
-145      125      -1022      
-293      420      -955      
-378      742      -806      
-522      1048      -600      
-626      1236      -417      
-835      1408      -80      
-846      1551      471      
-598      1558      918      
-286      1368      1320      
-27      1168      1451      
47      1043      1528      
193      706      1592      
277      552      1553      
471      167      1412      
712      -161      1120      
805      -571      666      
775      -811      252      
677      -911      -31      
568      -957      -242      
390      -946      -507      
172      -846      -702      
22      -723      -797      
-101      -502      -845      
-198      -436      -831      
-198      -523      -797      
-258      -725      -723      
-297      -885      -612      
-370      -1001      -536      
-525      -1041      -488      
-498      -1046      -561      
-311      -980      -757      
-101      -856      -921      
310      -801      -823      
593      -772      -585      
888      -561      -213      
965      -423      -1      
976      -288      293      
906      -232      571      
818      -161      728      
668      -201      862      
438      -291      1003      
297      -256      1093      
117      -291      1120      
27      -407      1068      
-47      -552      967      
-136      -645      906      
-201      -770      821      
-305      -951      628      
